{"cells":[{"cell_type":"markdown","metadata":{},"source":["## Students Information\n","\n","Please enter the names and IDs of the two students below:\n","\n","1. **Name**: [Norhan Reda Abdelwahed Ahmed]  \n","   **ID**: `9203639` \n","\n","2. **Name**: [Hoda Gamal Hamouda Ismail]  \n","   **ID**: `9203673` \n"]},{"cell_type":"markdown","metadata":{},"source":["## Students Instructions\n","\n","This is your first graded lab assignment, as you put the work you have studied in the lectures in action, please take this opportunity to enhance your understanding of the concepts and hone your skills. As you work on your assignment, please keep the following instructions in mind:\n","\n","- Clearly state your personal information where indicated.\n","- Be ready with your work before the time of the next discussion slot in the schedule.\n","- Plagiarism will be met with penalties, refrain from copying any answers to make the most out of the assignment. If any signs of plagiarism are detected, actions will be taken.\n","- It is acceptable to share the workload of the assignment bearing the discussion in mind.\n","- Feel free to [reach out](mailto:cmpsy27@gmail.com) if there were any ambiguities or post on the classroom."]},{"cell_type":"markdown","metadata":{},"source":["## Submission Instructions\n","\n","To ensure a smooth evaluation process, please follow these steps for submitting your work:\n","\n","1. **Prepare Your Submission:** Alongside your main notebook, include any additional files that are necessary for running the notebook successfully. This might include data files, images, or supplementary scripts.\n","\n","2. **Rename Your Files:** Before submission, please rename your notebook to reflect the IDs of the two students working on this project. The format should be `ID1_ID2`, where `ID1` and `ID2` are the student IDs. For example, if the student IDs are `9123456` and `9876543`, then your notebook should be named `9123456_9876543.ipynb`.\n","\n","3. **Check for Completeness:** Ensure that all required tasks are completed and that the notebook runs from start to finish without errors. This step is crucial for a smooth evaluation.\n","\n","4. **Submit Your Work:** Once everything is in order, submit your notebook and any additional files via the designated submission link on Google Classroom **(code: 2yj6e24)**. Make sure you meet the submission deadline to avoid any late penalties.\n","5. Please, note that the same student should submit the assignments for the pair throughout the semester.\n","\n","By following these instructions carefully, you help us in evaluating your work efficiently and fairly **and any failure to adhere to these guidelines can affect your grades**. If you encounter any difficulties or have questions about the submission process, please reach out as soon as possible.\n","\n","We look forward to seeing your completed projects and wish you the best of luck!\n"]},{"cell_type":"markdown","metadata":{},"source":["\n","\n","\n","## Installation Instructions\n","\n","In this lab assignment, we require additional Python libraries for scientific mathematics, particularly in the context of machine learning (ML) and satellite image analysis. To fulfill these requirements, we need to install Scikit-learn and Scikit-image. \n","1. Install Scikit-learn  \n","Scikit-learn (Sklearn) is a powerful Python library for ML tasks, offering various algorithms for classification, regression, clustering, and model evaluation. It is extensively used for analyzing satellite imagery, enabling tasks such as land cover classification and environmental parameter prediction. On the other hand, Scikit-image (Skimage) provides comprehensive tools for image processing and computer vision, facilitating tasks such as image preprocessing, feature extraction, and segmentation. These libraries are essential for extracting valuable insights from satellite images and conducting advanced analysis in scientific computing and research domains.\n","```bash\n","pip install scikit-learn scikit-image\n","```\n"]},{"cell_type":"markdown","metadata":{},"source":["> **Note:** You are allowed to install any other necessary libraries you deem useful for solving the lab. Please ensure that any additional libraries are compatible with the project requirements and are properly documented in your submission.\n"]},{"cell_type":"markdown","metadata":{},"source":["## Maximum Likelihood Estimator (MLE) Classifier\n","The Maximum Likelihood Estimator (MLE) is a fundamental statistical approach used to infer the parameters of a given distribution that are most likely to result in the observed data. In the context of image classification, MLE helps to quantify the probability of observing the data within each predefined class based on their distinct statistical properties. This method is highly effective for classifying images into categories by comparing the likelihoods of the data under different model parameters, enabling the most probable class assignment.\n","\n","1. **Calculate Class Priors**: Estimate the probability of each class based on the training dataset. This is expressed as:\n","   $$\n","   P(C_k) = \\frac{N_k}{N}\n","   $$\n","   where \\(N_k\\) is the number of samples of class \\(k\\) and \\(N\\) is the total number of samples.\n","\n","2. **Estimate Class-specific Parameters**: For each class, estimate parameters such as the mean \\(\\mu_k\\) and covariance \\(\\Sigma_k\\) of features that describe the distribution of the data:\n","   $$\n","   \\mu_k = \\frac{1}{N_k} \\sum_{x \\in C_k} x\n","   $$\n","   $$\n","   \\Sigma_k = \\frac{1}{N_k} \\sum_{x \\in C_k} (x - \\mu_k)(x - \\mu_k)^T\n","   $$\n","\n","3. **Compute Likelihoods**: For a given test instance \\(x\\), compute the likelihood of that instance belonging to each class using the estimated parameters:\n","   $$\n","   p(x | C_k) = \\frac{1}{(2\\pi)^{d/2} |\\Sigma_k|^{1/2}} \\exp\\left(-\\frac{1}{2} (x - \\mu_k)^T \\Sigma_k^{-1} (x - \\mu_k)\\right)\n","   $$\n","\n","4. **Classify Based on Maximum Likelihood**: Assign the class label to each test instance based on the highest likelihood, which can be calculated as:\n","   $$\n","   \\hat{y} = \\arg\\max_{k} P(C_k) \\cdot p(x | C_k)\n","   $$\n","\n","The Naive Bayes classifier is perhaps the most well-known application of the Maximum Likelihood Estimator principle in classification tasks. It assumes that the features in each class are independent, simplifying the computation of likelihoods. While Naive Bayes is popular for its simplicity and efficiency, it is not the only technique that leverages the MLE approach. Other classical alternatives include Logistic Regression, which applies MLE to estimate the parameters that best predict categorical outcomes, and Gaussian Mixture Models, which use MLE to estimate the parameters of multiple Gaussian distributions within the data. Students are encouraged to explore these models to gain a deeper understanding of statistical estimation techniques.\n"]},{"cell_type":"markdown","metadata":{},"source":["## Req- Image Classification for EuroSATallBands\n","Image classification is a key challenge in satellite imaging and remote sensing. As discussed in the lecture, this task is typically conducted on a pixel-wise basis because a single image can contain multiple textural elements of different celestial features. However, for this specific assignment, we will focus on identifying the dominant phenomena in the image as the basis for classification.\n","\n","- **Load the Images**: Load the images of the EuroSAT dataset that belong to the **residential**, **river**, and **forest** classes.\n","\n","- **Split the Dataset**: Split the dataset such that 10% of each class is used as testing data, and the remainder is used for training your classifier. Use the indices provided by `np.random.choice` with seed set to `27`. **Code is provided do not change it**.\n","\n","- **Feature Extraction**: Extract suitable features from the images that you think might be relevant in distinguishing each class from the others. Keep in mind the curse of dimensionality when selecting features.\n","\n","- **Implement a Maximum Likelihood Estimator (MLE)**: Implement a Maximum Likelihood Estimator (MLE) based on your training data. \n","- **Report Accuracy and Average F1 Score**: After testing your classifier on the test set, report the **Accuracy** and **Average F1 Score** of your model.\n"]},{"cell_type":"code","execution_count":2,"metadata":{},"outputs":[],"source":["# Add your libraries here\n","import numpy as np\n","from skimage import io\n","import os\n","import numpy as np\n","from sklearn.metrics import confusion_matrix, accuracy_score, f1_score,ConfusionMatrixDisplay\n","import matplotlib.pyplot as plt\n","from sklearn.decomposition import PCA\n"]},{"cell_type":"code","execution_count":3,"metadata":{},"outputs":[],"source":["# DO NOT CHANGE THIS CELL\n","## Training set indices.\n","np.random.seed(27)  # Set random seed for reproducibility\n","\n","# Randomly select indices for the test sets for each class\n","residential_test_indices = np.random.choice(np.arange(3000), size=300, replace=False)\n","forest_test_indices = np.random.choice(np.arange(3000), size=300, replace=False)\n","river_test_indices = np.random.choice(np.arange(2500), size=250, replace=False)\n"]},{"cell_type":"code","execution_count":3,"metadata":{},"outputs":[{"name":"stdout","output_type":"stream","text":["[1748 1976 2825 1611  404  502  843 2977 1657  168 2972 2989   88  110\n"," 1853 1121 2640 1075 2398 1705  809 1231  466 2068 1545  713 1780  493\n"," 1884 2118 2020 1097 1601 1610 1456 1394 2472  602 1617 2809  706 2641\n","  592  108  351 1752  401 1233 2269  393 1720   64 2883 2504  828 2837\n","  293   75 2584 1994  289 1903  615 1005 1700 2770  389  472 2686   43\n"," 1528  232  500 2819 1852 1531 2084 1498 1722 2387  877  601 1640  583\n"," 2209 1536 2939 1411 1057 2391 2918   45  253 1189 2488 2991  366 2214\n"," 1638  710  529  211 2028  418 2895 2548 2364  195  552 1192 1403 1653\n","  468 2956 1949 2901 2854 2047  632 1261 2790  188 1726 2151 2396 1204\n"," 1494 2145  489 2846 2355 2104 1627 2228 2194 1733  691 2434  823 2799\n"," 2291 1584 2802  819  674   95  985 1093  642 1644 2539 1408 2656 2751\n"," 2927 2574  643  191 1680 2486 2630 1489 1918 1119 2162  955 1905 1191\n"," 1571  785 1407  395 2832  203 2362  438 2468 2378 2661 1220 1459 1254\n","  735 1225 1386  378 1018 1523 2739  867  423  202 1755 1108 2764  420\n"," 2881  692 1522 1565  801 2575 1455 2353 1045 1092  975 2994 1899  881\n"," 1217  539 1000 1335  414  346 1420  945 2635 1027 2747 2926 1074 2728\n"," 1123 1964  120 1946 1928 1184 2445 2125 2657 2241 1890 2717  118  535\n"," 1835 1824 2920 2655 1398 2368 1900 2324 1769 2829 1271  904  286 1651\n","  113 2966 2008 2723   70 2556 2611 2522 2601  284 1339 2496  917 1316\n"," 2891  918 1141  462 1865 1107  334 2771 1066 2233 2122 1718 2334  786\n"," 1014 1739  683  324  359  180 2541 2750  182    5   58  413  538  220\n","  426 1926 1570 2512 2577 2543]\n"]}],"source":["# Follow the steps \n","print(residential_test_indices )\n"]},{"cell_type":"markdown","metadata":{},"source":["# Load the Images"]},{"cell_type":"code","execution_count":8,"metadata":{},"outputs":[{"name":"stdout","output_type":"stream","text":["[[[1482 1088 1051 ... 2077 1236 2429]\n","  [1482 1088 1051 ... 2077 1236 2429]\n","  [1480 1145 1018 ... 1801 1084 2184]\n","  ...\n","  [1392 1138 1068 ... 1676 1163 2475]\n","  [1394 1240 1080 ... 1694 1198 2476]\n","  [1397 1262 1295 ... 1698 1192 2595]]\n","\n"," [[1370 1079  956 ... 1641 1132 2266]\n","  [1370 1079  956 ... 1641 1132 2266]\n","  [1376 1013  901 ... 1630 1147 2203]\n","  ...\n","  [1411 1073  971 ... 1729 1124 2435]\n","  [1410 1108  880 ... 1704 1111 2343]\n","  [1410 1073  881 ... 1739 1166 2263]]\n","\n"," [[1393 1235 1168 ... 2649 1682 3508]\n","  [1393 1235 1168 ... 2649 1682 3508]\n","  [1394 1313 1371 ... 2731 1839 3342]\n","  ...\n","  [1355 1163 1151 ... 2532 1445 3890]\n","  [1351 1204 1190 ... 2502 1363 3966]\n","  [1349 1097 1076 ... 2445 1274 3954]]\n","\n"," ...\n","\n"," [[1601 1519 1386 ... 2326 1844 2167]\n","  [1601 1519 1386 ... 2326 1844 2167]\n","  [1591 1601 1568 ... 2472 1966 2265]\n","  ...\n","  [1646 1520 1493 ... 2630 2029 2693]\n","  [1650 1546 1442 ... 2599 2012 2599]\n","  [1652 1412 1250 ... 2548 1966 2530]]\n","\n"," [[1162  848  748 ... 1531  845 3809]\n","  [1162  848  748 ... 1531  845 3809]\n","  [1157  845  770 ... 1525  832 3814]\n","  ...\n","  [1184  821  693 ... 1799 1060 2809]\n","  [1176  865  801 ... 1848 1010 3106]\n","  [1168  896  886 ... 1905 1001 3306]]\n","\n"," [[1580 1571 1281 ... 2270 1860 2573]\n","  [1580 1571 1281 ... 2270 1860 2573]\n","  [1590 2731 3262 ... 2449 2034 2652]\n","  ...\n","  [1485 1291 1344 ... 2372 1672 2535]\n","  [1493 1154 1065 ... 2241 1547 2417]\n","  [1501 1196 1134 ... 2060 1427 2267]]]\n"]}],"source":["dataset_folder = \"D:/Astudy/fourth year/second term/satellite imagery/dataset/EuroSATallBands/EuroSATallBands/ds/images/remote_sensing/otherDatasets/sentinel_2/tif\" \n","classes = [\"residential\", \"river\", \"forest\"]\n","images_by_class = {}\n","my_img = None\n","for class_name in classes:\n","  \n","    class_folder = os.path.join(dataset_folder, class_name)\n","    if os.path.exists(class_folder):\n","        \n","        images_by_class[class_name] = []\n","        for image_file in os.listdir(class_folder):\n","            \n","            image_path = os.path.join(class_folder, image_file)\n","            image = io.imread(image_path)\n","            image = image.reshape(image.shape[0] * image.shape[1], image.shape[2])\n","            my_img = image\n","            images_by_class[class_name].append(image)\n","\n","\n","\n","residential_images = np.array(images_by_class[\"residential\"])\n","\n","river_images = np.array(images_by_class[\"river\"])\n","\n","forest_images = np.array(images_by_class[\"forest\"])\n","\n","\n","print(residential_images)\n","\n"]},{"cell_type":"markdown","metadata":{},"source":[" # Split the Dataset"]},{"cell_type":"code","execution_count":5,"metadata":{},"outputs":[{"name":"stdout","output_type":"stream","text":["3000\n","2500\n","3000\n","(2700, 4096, 13)\n","(2250, 4096, 13)\n","(2700, 4096, 13)\n"]}],"source":["print(len(residential_images))\n","print(len(river_images))\n","print(len(forest_images))\n","\n","\n","\n","# print(residential_test_indices)\n","test_residual = residential_images[residential_test_indices]\n","test_river = river_images[river_test_indices]\n","test_forest =  forest_images[forest_test_indices]\n","\n","# print(test_residual)\n","# Generate the training indices by excluding the test indices\n","residential_training_indices = np.setdiff1d(np.arange(3000), residential_test_indices)\n","forest_training_indices = np.setdiff1d(np.arange(3000), forest_test_indices)\n","river_training_indices = np.setdiff1d(np.arange(2500), river_test_indices)\n","\n","train_residual = residential_images[residential_training_indices]\n","train_river = river_images[river_training_indices]\n","train_forest =forest_images[forest_training_indices]\n","\n","print(train_residual.shape)\n","print(train_river.shape)\n","print(train_forest.shape)\n"]},{"cell_type":"code","execution_count":6,"metadata":{},"outputs":[{"name":"stdout","output_type":"stream","text":["2700\n","(2250, 4096, 13)\n","(2700, 4096, 13)\n"]}],"source":["print(train_residual.shape[0])\n","print(train_river.shape)\n","print(train_forest.shape)\n"]},{"cell_type":"markdown","metadata":{},"source":["# Feature Extraction"]},{"cell_type":"code","execution_count":null,"metadata":{},"outputs":[],"source":[]},{"cell_type":"code","execution_count":null,"metadata":{},"outputs":[],"source":["\n"]},{"cell_type":"markdown","metadata":{},"source":["# Implement a Maximum Likelihood Estimator (MLE)"]},{"cell_type":"code","execution_count":7,"metadata":{},"outputs":[{"name":"stdout","output_type":"stream","text":["p_residual:  0.35294117647058826\n","p_river:  0.29411764705882354\n","p_forest:  0.35294117647058826\n","sum prob:  1.0\n"]}],"source":["def get_Class_Priors(train_residual,train_forest,train_river):\n","  total_len = train_forest.shape[0] + train_residual.shape[0] + train_river.shape[0]\n","  p_residual =  train_residual.shape[0]/total_len\n","  p_river =  train_river.shape[0]/total_len\n","  p_forest = train_forest.shape[0]/total_len\n","\n","  return p_residual,p_river,p_forest\n","\n","p_residual,p_river,p_forest = get_Class_Priors(train_residual,train_forest,train_river)\n","print(\"p_residual: \",p_residual)\n","print(\"p_river: \",p_river)\n","print(\"p_forest: \",p_forest)\n","\n","print(\"sum prob: \",p_forest+p_residual+p_river)"]},{"cell_type":"code","execution_count":8,"metadata":{},"outputs":[{"name":"stdout","output_type":"stream","text":["residual_mean [1459.61242793 1214.69271783 1114.49102286 1075.57527226 1287.8791107\n"," 1980.4978606  2286.60519052 2186.58596354  664.42014061   12.281757\n"," 1974.84656675 1382.01246672 2469.38278881]\n","residual_covariance [[ 3.57945829e+04  3.92181517e+04  3.87543277e+04  5.35053553e+04\n","   4.38704179e+04  1.15200703e+04  7.98434959e+02 -2.89562782e+03\n","  -8.18209467e+02  2.60394243e+02  3.50446061e+04  4.26927640e+04\n","  -5.23264488e+03]\n"," [ 3.92181517e+04  8.20506299e+04  8.86914376e+04  1.21315270e+05\n","   7.97915141e+04  3.52735197e+04  2.15865162e+04  2.70166056e+04\n","   4.07303061e+03  3.09034212e+02  7.78723417e+04  8.40210022e+04\n","   1.39662374e+04]\n"," [ 3.87543277e+04  8.86914376e+04  1.08880401e+05  1.49565814e+05\n","   1.07117174e+05  7.14595596e+04  6.23862696e+04  7.50750993e+04\n","   1.48199119e+04  3.63162521e+02  1.21920448e+05  1.17441084e+05\n","   5.76749321e+04]\n"," [ 5.35053553e+04  1.21315270e+05  1.49565814e+05  2.28951429e+05\n","   1.60875305e+05  9.41047467e+04  7.61757529e+04  8.37175509e+04\n","   1.94562406e+04  5.22290602e+02  1.92867780e+05  1.91272231e+05\n","   6.67572771e+04]\n"," [ 4.38704179e+04  7.97915141e+04  1.07117174e+05  1.60875305e+05\n","   1.48163130e+05  1.17831734e+05  1.12093603e+05  1.10458840e+05\n","   3.53316728e+04  5.48094311e+02  1.91144336e+05  1.73109179e+05\n","   1.10449482e+05]\n"," [ 1.15200703e+04  3.52735197e+04  7.14595596e+04  9.41047467e+04\n","   1.17831734e+05  2.02329008e+05  2.38671517e+05  2.54555124e+05\n","   6.24955504e+04  4.02442851e+02  1.87853008e+05  1.22530149e+05\n","   2.59324955e+05]\n"," [ 7.98434959e+02  2.15865162e+04  6.23862696e+04  7.61757529e+04\n","   1.12093603e+05  2.38671517e+05  2.94422517e+05  3.15089205e+05\n","   7.01517077e+04  3.34998240e+02  1.97517632e+05  1.12197336e+05\n","   3.24012795e+05]\n"," [-2.89562782e+03  2.70166056e+04  7.50750993e+04  8.37175509e+04\n","   1.10458840e+05  2.54555124e+05  3.15089205e+05  4.27159211e+05\n","   7.62779187e+04  3.56182996e+02  1.97359054e+05  1.04530143e+05\n","   3.49299532e+05]\n"," [-8.18209467e+02  4.07303061e+03  1.48199119e+04  1.94562406e+04\n","   3.53316728e+04  6.24955504e+04  7.01517077e+04  7.62779187e+04\n","   5.75633613e+04  3.86652291e+02  5.30904965e+04  3.63413213e+04\n","   7.68078554e+04]\n"," [ 2.60394243e+02  3.09034212e+02  3.63162521e+02  5.22290602e+02\n","   5.48094311e+02  4.02442851e+02  3.34998240e+02  3.56182996e+02\n","   3.86652291e+02  1.25385563e+01  6.37486654e+02  6.18093380e+02\n","   3.16392342e+02]\n"," [ 3.50446061e+04  7.78723417e+04  1.21920448e+05  1.92867780e+05\n","   1.91144336e+05  1.87853008e+05  1.97517632e+05  1.97359054e+05\n","   5.30904965e+04  6.37486654e+02  3.16242439e+05  2.64464228e+05\n","   2.08849859e+05]\n"," [ 4.26927640e+04  8.40210022e+04  1.17441084e+05  1.91272231e+05\n","   1.73109179e+05  1.22530149e+05  1.12197336e+05  1.04530143e+05\n","   3.63413213e+04  6.18093380e+02  2.64464228e+05  2.54495070e+05\n","   1.10115970e+05]\n"," [-5.23264488e+03  1.39662374e+04  5.76749321e+04  6.67572771e+04\n","   1.10449482e+05  2.59324955e+05  3.24012795e+05  3.49299532e+05\n","   7.68078554e+04  3.16392342e+02  2.08849859e+05  1.10115970e+05\n","   3.62713579e+05]]\n","river_mean [1305.84640495 1040.0083508   929.29521289  719.68389041  935.07587695\n"," 1717.2935778  2069.72560872 1989.32627517  597.78597873   10.55172005\n"," 1310.79475174  726.24864583 2244.20311393]\n","river_covariance [[ 2.95077413e+04  3.09741594e+04  2.84199561e+04  3.85833398e+04\n","   3.21148169e+04 -4.50239769e+03 -1.85058465e+04 -1.88706092e+04\n","  -2.53654143e+03  2.39730420e+02  2.39798225e+04  2.93187865e+04\n","  -2.23379702e+04]\n"," [ 3.09741594e+04  4.85752235e+04  5.29931513e+04  7.25959119e+04\n","   5.52959893e+04  4.25608856e+03 -1.34166193e+04 -1.16943991e+04\n","  -3.46556023e+03  2.06338090e+02  4.94526688e+04  5.36082751e+04\n","  -1.87864088e+04]\n"," [ 2.84199561e+04  5.29931513e+04  6.87845897e+04  9.13188298e+04\n","   8.17251088e+04  5.98382116e+04  5.49076758e+04  6.08282036e+04\n","   1.01265974e+04  1.94776460e+02  9.71905807e+04  8.17436742e+04\n","   5.62248780e+04]\n"," [ 3.85833398e+04  7.25959119e+04  9.13188298e+04  1.41835119e+05\n","   1.23510470e+05  6.58155408e+04  4.96799280e+04  5.39665228e+04\n","   1.31185407e+04  3.45282099e+02  1.65066286e+05  1.42830823e+05\n","   5.27451332e+04]\n"," [ 3.21148169e+04  5.52959893e+04  8.17251088e+04  1.23510470e+05\n","   1.60218008e+05  2.42517495e+05  2.77954478e+05  2.87781654e+05\n","   7.58746778e+04  5.95338306e+02  2.87328913e+05  1.93293663e+05\n","   3.14784264e+05]\n"," [-4.50239769e+03  4.25608856e+03  5.98382116e+04  6.58155408e+04\n","   2.42517495e+05  8.60512573e+05  1.10801425e+06  1.14123335e+06\n","   2.66873791e+05  9.72083581e+02  6.33151581e+05  3.09710592e+05\n","   1.25539965e+06]\n"," [-1.85058465e+04 -1.34166193e+04  5.49076758e+04  4.96799280e+04\n","   2.77954478e+05  1.10801425e+06  1.44837848e+06  1.48879399e+06\n","   3.40313246e+05  1.09597965e+03  7.73631405e+05  3.57997346e+05\n","   1.63996741e+06]\n"," [-1.88706092e+04 -1.16943991e+04  6.08282036e+04  5.39665228e+04\n","   2.87781654e+05  1.14123335e+06  1.48879399e+06  1.59795396e+06\n","   3.50035838e+05  1.17582169e+03  8.02827035e+05  3.72813966e+05\n","   1.68916396e+06]\n"," [-2.53654143e+03 -3.46556023e+03  1.01265974e+04  1.31185407e+04\n","   7.58746778e+04  2.66873791e+05  3.40313246e+05  3.50035838e+05\n","   1.32357052e+05  6.86446803e+02  2.02565541e+05  1.02363924e+05\n","   3.87432189e+05]\n"," [ 2.39730420e+02  2.06338090e+02  1.94776460e+02  3.45282099e+02\n","   5.95338306e+02  9.72083581e+02  1.09597965e+03  1.17582169e+03\n","   6.86446803e+02  1.63742135e+01  1.21504397e+03  8.07480080e+02\n","   1.28476489e+03]\n"," [ 2.39798225e+04  4.94526688e+04  9.71905807e+04  1.65066286e+05\n","   2.87328913e+05  6.33151581e+05  7.73631405e+05  8.02827035e+05\n","   2.02565541e+05  1.21504397e+03  7.30824354e+05  4.42887569e+05\n","   9.01818137e+05]\n"," [ 2.93187865e+04  5.36082751e+04  8.17436742e+04  1.42830823e+05\n","   1.93293663e+05  3.09710592e+05  3.57997346e+05  3.72813966e+05\n","   1.02363924e+05  8.07480080e+02  4.42887569e+05  3.05251752e+05\n","   4.18500356e+05]\n"," [-2.23379702e+04 -1.87864088e+04  5.62248780e+04  5.27451332e+04\n","   3.14784264e+05  1.25539965e+06  1.63996741e+06  1.68916396e+06\n","   3.87432189e+05  1.28476489e+03  9.01818137e+05  4.18500356e+05\n","   1.86663522e+06]]\n","forest_mean [1109.91998806  811.50463216  687.73663131  415.79315457  748.9670667\n"," 2100.11004078 2688.02510932 2634.13981834  826.21561026    9.93443043\n"," 1312.54340368  535.46771991 3004.78895924]\n","forest_covariance [[ 1.19860715e+04  8.98173118e+03  3.87234721e+03  4.85266638e+03\n","  -3.51185223e+01 -1.64257771e+04 -2.19842168e+04 -2.24390980e+04\n","  -1.43017501e+04 -8.27030202e-01 -4.63376799e+03 -5.60174417e+02\n","  -2.23187616e+04]\n"," [ 8.98173118e+03  7.62618090e+03  5.00309983e+03  5.46958993e+03\n","   3.32862356e+03 -7.02391635e+03 -1.09182641e+04 -9.31698129e+03\n","  -7.62527239e+03  3.32428496e+01  9.59179497e+02  2.18759775e+03\n","  -1.06205279e+04]\n"," [ 3.87234721e+03  5.00309983e+03  1.01322974e+04  6.89357395e+03\n","   1.68880714e+04  2.41609239e+04  2.38869742e+04  3.01022515e+04\n","   1.57690456e+04  1.98293622e+02  1.88609099e+04  1.07939488e+04\n","   2.70633311e+04]\n"," [ 4.85266638e+03  5.46958993e+03  6.89357395e+03  7.25947949e+03\n","   1.02124108e+04  4.85664916e+03  1.39504591e+03  4.76777669e+03\n","   4.63096157e+03  1.19057989e+02  1.14393859e+04  8.34784677e+03\n","   2.98282437e+03]\n"," [-3.51185223e+01  3.32862356e+03  1.68880714e+04  1.02124108e+04\n","   3.83397279e+04  6.10092894e+04  6.19705821e+04  6.93798184e+04\n","   5.12946865e+04  4.87711266e+02  4.63346977e+04  2.56029074e+04\n","   6.99981317e+04]\n"," [-1.64257771e+04 -7.02391635e+03  2.41609239e+04  4.85664916e+03\n","   6.10092894e+04  2.54600014e+05  3.36395199e+05  3.47538408e+05\n","   1.19551480e+05  5.73691132e+02  1.47221157e+05  5.41012377e+04\n","   3.70776628e+05]\n"," [-2.19842168e+04 -1.09182641e+04  2.38869742e+04  1.39504591e+03\n","   6.19705821e+04  3.36395199e+05  4.65532228e+05  4.76061924e+05\n","   1.35126661e+05  4.81965022e+02  1.92597463e+05  6.43785080e+04\n","   5.14429186e+05]\n"," [-2.24390980e+04 -9.31698129e+03  3.01022515e+04  4.76777669e+03\n","   6.93798184e+04  3.47538408e+05  4.76061924e+05  5.32924282e+05\n","   1.46966056e+05  5.87662400e+02  2.00832795e+05  6.94942149e+04\n","   5.27734871e+05]\n"," [-1.43017501e+04 -7.62527239e+03  1.57690456e+04  4.63096157e+03\n","   5.12946865e+04  1.19551480e+05  1.35126661e+05  1.46966056e+05\n","   1.26686560e+05  8.92876119e+02  7.09642300e+04  3.57040678e+04\n","   1.47062514e+05]\n"," [-8.27030202e-01  3.32428496e+01  1.98293622e+02  1.19057989e+02\n","   4.87711266e+02  5.73691132e+02  4.81965022e+02  5.87662400e+02\n","   8.92876119e+02  1.54777754e+01  4.38425981e+02  2.90835159e+02\n","   5.37417965e+02]\n"," [-4.63376799e+03  9.59179497e+02  1.88609099e+04  1.14393859e+04\n","   4.63346977e+04  1.47221157e+05  1.92597463e+05  2.00832795e+05\n","   7.09642300e+04  4.38425981e+02  1.22389967e+05  5.25374065e+04\n","   2.18970275e+05]\n"," [-5.60174417e+02  2.18759775e+03  1.07939488e+04  8.34784677e+03\n","   2.56029074e+04  5.41012377e+04  6.43785080e+04  6.94942149e+04\n","   3.57040678e+04  2.90835159e+02  5.25374065e+04  2.67936734e+04\n","   7.38867418e+04]\n"," [-2.23187616e+04 -1.06205279e+04  2.70633311e+04  2.98282437e+03\n","   6.99981317e+04  3.70776628e+05  5.14429186e+05  5.27734871e+05\n","   1.47062514e+05  5.37417965e+02  2.18970275e+05  7.38867418e+04\n","   5.73270529e+05]]\n"]}],"source":["def Estimate_Class_specific_Parameters(class_array):\n","    images_mean = np.zeros(class_array[0].shape[1])\n","    for i in range(class_array.shape[0]):\n","        image = class_array[i]\n","        image_mean =  np.mean(image, axis=0)\n","       \n","        images_mean += image_mean\n","    # print(images_mean)\n","    class_mean = images_mean/ class_array.shape[0]\n","    # new_image = []\n","    new_image = np.zeros((class_array[0].shape[1], class_array[0].shape[1]))\n","    for i in range (class_array.shape[0]):\n","        x_minus_mean = []\n","        image = class_array[i]\n","        for pixel in image: \n","            new_val = np.array(pixel-class_mean)\n","            new_val_mul = np.outer(new_val ,new_val) \n","            # print(new_val_mul)\n","            # print(new_val_mul.shape )\n","            # break\n","            # new_image.append( new_val_mul )\n","            new_image += new_val_mul\n","        # new_image.append(x_minus_mean)    \n","        # print(\"x_minus mean\",x_minus_mean[0])\n","        # print(\"x\",pixel)\n","        # break\n","    # sum = np.sum(new_image,axis=1)  \n","    class_covariance =   new_image / (class_array.shape[1]*class_array.shape[0])\n","    # print(new_image)\n","    # print(class_mean)\n","    # print(class_array.shape[0])\n","    # print(class_array[0].shape[1])\n","    return class_mean  ,  class_covariance     \n","\n","residual_mean ,residula_covariance= Estimate_Class_specific_Parameters(train_residual)\n","river_mean,river_covariance = Estimate_Class_specific_Parameters(train_river)\n","forest_mean ,forest_covariance = Estimate_Class_specific_Parameters(train_forest)\n","\n","\n","print(\"residual_mean\",residual_mean)\n","print(\"residual_covariance\",residula_covariance)\n","\n","print(\"river_mean\",river_mean)\n","print(\"river_covariance\",river_covariance)\n","\n","print(\"forest_mean\",forest_mean)\n","print(\"forest_covariance\",forest_covariance)\n","    "]},{"cell_type":"code","execution_count":9,"metadata":{},"outputs":[{"name":"stdout","output_type":"stream","text":["residual_mean [1459.61242793 1214.69271783 1114.49102286 1075.57527226 1287.8791107\n"," 1980.4978606  2286.60519052 2186.58596354  664.42014061   12.281757\n"," 1974.84656675 1382.01246672 2469.38278881]\n","residual_covariance [[ 3.57945829e+04  3.92181517e+04  3.87543277e+04  5.35053553e+04\n","   4.38704179e+04  1.15200703e+04  7.98434959e+02 -2.89562782e+03\n","  -8.18209467e+02  2.60394243e+02  3.50446061e+04  4.26927640e+04\n","  -5.23264488e+03]\n"," [ 3.92181517e+04  8.20506299e+04  8.86914376e+04  1.21315270e+05\n","   7.97915141e+04  3.52735197e+04  2.15865162e+04  2.70166056e+04\n","   4.07303061e+03  3.09034212e+02  7.78723417e+04  8.40210022e+04\n","   1.39662374e+04]\n"," [ 3.87543277e+04  8.86914376e+04  1.08880401e+05  1.49565814e+05\n","   1.07117174e+05  7.14595596e+04  6.23862696e+04  7.50750993e+04\n","   1.48199119e+04  3.63162521e+02  1.21920448e+05  1.17441084e+05\n","   5.76749321e+04]\n"," [ 5.35053553e+04  1.21315270e+05  1.49565814e+05  2.28951429e+05\n","   1.60875305e+05  9.41047467e+04  7.61757529e+04  8.37175509e+04\n","   1.94562406e+04  5.22290602e+02  1.92867780e+05  1.91272231e+05\n","   6.67572771e+04]\n"," [ 4.38704179e+04  7.97915141e+04  1.07117174e+05  1.60875305e+05\n","   1.48163130e+05  1.17831734e+05  1.12093603e+05  1.10458840e+05\n","   3.53316728e+04  5.48094311e+02  1.91144336e+05  1.73109179e+05\n","   1.10449482e+05]\n"," [ 1.15200703e+04  3.52735197e+04  7.14595596e+04  9.41047467e+04\n","   1.17831734e+05  2.02329008e+05  2.38671517e+05  2.54555124e+05\n","   6.24955504e+04  4.02442851e+02  1.87853008e+05  1.22530149e+05\n","   2.59324955e+05]\n"," [ 7.98434959e+02  2.15865162e+04  6.23862696e+04  7.61757529e+04\n","   1.12093603e+05  2.38671517e+05  2.94422517e+05  3.15089205e+05\n","   7.01517077e+04  3.34998240e+02  1.97517632e+05  1.12197336e+05\n","   3.24012795e+05]\n"," [-2.89562782e+03  2.70166056e+04  7.50750993e+04  8.37175509e+04\n","   1.10458840e+05  2.54555124e+05  3.15089205e+05  4.27159211e+05\n","   7.62779187e+04  3.56182996e+02  1.97359054e+05  1.04530143e+05\n","   3.49299532e+05]\n"," [-8.18209467e+02  4.07303061e+03  1.48199119e+04  1.94562406e+04\n","   3.53316728e+04  6.24955504e+04  7.01517077e+04  7.62779187e+04\n","   5.75633613e+04  3.86652291e+02  5.30904965e+04  3.63413213e+04\n","   7.68078554e+04]\n"," [ 2.60394243e+02  3.09034212e+02  3.63162521e+02  5.22290602e+02\n","   5.48094311e+02  4.02442851e+02  3.34998240e+02  3.56182996e+02\n","   3.86652291e+02  1.25385563e+01  6.37486654e+02  6.18093380e+02\n","   3.16392342e+02]\n"," [ 3.50446061e+04  7.78723417e+04  1.21920448e+05  1.92867780e+05\n","   1.91144336e+05  1.87853008e+05  1.97517632e+05  1.97359054e+05\n","   5.30904965e+04  6.37486654e+02  3.16242439e+05  2.64464228e+05\n","   2.08849859e+05]\n"," [ 4.26927640e+04  8.40210022e+04  1.17441084e+05  1.91272231e+05\n","   1.73109179e+05  1.22530149e+05  1.12197336e+05  1.04530143e+05\n","   3.63413213e+04  6.18093380e+02  2.64464228e+05  2.54495070e+05\n","   1.10115970e+05]\n"," [-5.23264488e+03  1.39662374e+04  5.76749321e+04  6.67572771e+04\n","   1.10449482e+05  2.59324955e+05  3.24012795e+05  3.49299532e+05\n","   7.68078554e+04  3.16392342e+02  2.08849859e+05  1.10115970e+05\n","   3.62713579e+05]]\n","river_mean [1305.84640495 1040.0083508   929.29521289  719.68389041  935.07587695\n"," 1717.2935778  2069.72560872 1989.32627517  597.78597873   10.55172005\n"," 1310.79475174  726.24864583 2244.20311393]\n","river_covariance [[ 2.95077413e+04  3.09741594e+04  2.84199561e+04  3.85833398e+04\n","   3.21148169e+04 -4.50239769e+03 -1.85058465e+04 -1.88706092e+04\n","  -2.53654143e+03  2.39730420e+02  2.39798225e+04  2.93187865e+04\n","  -2.23379702e+04]\n"," [ 3.09741594e+04  4.85752235e+04  5.29931513e+04  7.25959119e+04\n","   5.52959893e+04  4.25608856e+03 -1.34166193e+04 -1.16943991e+04\n","  -3.46556023e+03  2.06338090e+02  4.94526688e+04  5.36082751e+04\n","  -1.87864088e+04]\n"," [ 2.84199561e+04  5.29931513e+04  6.87845897e+04  9.13188298e+04\n","   8.17251088e+04  5.98382116e+04  5.49076758e+04  6.08282036e+04\n","   1.01265974e+04  1.94776460e+02  9.71905807e+04  8.17436742e+04\n","   5.62248780e+04]\n"," [ 3.85833398e+04  7.25959119e+04  9.13188298e+04  1.41835119e+05\n","   1.23510470e+05  6.58155408e+04  4.96799280e+04  5.39665228e+04\n","   1.31185407e+04  3.45282099e+02  1.65066286e+05  1.42830823e+05\n","   5.27451332e+04]\n"," [ 3.21148169e+04  5.52959893e+04  8.17251088e+04  1.23510470e+05\n","   1.60218008e+05  2.42517495e+05  2.77954478e+05  2.87781654e+05\n","   7.58746778e+04  5.95338306e+02  2.87328913e+05  1.93293663e+05\n","   3.14784264e+05]\n"," [-4.50239769e+03  4.25608856e+03  5.98382116e+04  6.58155408e+04\n","   2.42517495e+05  8.60512573e+05  1.10801425e+06  1.14123335e+06\n","   2.66873791e+05  9.72083581e+02  6.33151581e+05  3.09710592e+05\n","   1.25539965e+06]\n"," [-1.85058465e+04 -1.34166193e+04  5.49076758e+04  4.96799280e+04\n","   2.77954478e+05  1.10801425e+06  1.44837848e+06  1.48879399e+06\n","   3.40313246e+05  1.09597965e+03  7.73631405e+05  3.57997346e+05\n","   1.63996741e+06]\n"," [-1.88706092e+04 -1.16943991e+04  6.08282036e+04  5.39665228e+04\n","   2.87781654e+05  1.14123335e+06  1.48879399e+06  1.59795396e+06\n","   3.50035838e+05  1.17582169e+03  8.02827035e+05  3.72813966e+05\n","   1.68916396e+06]\n"," [-2.53654143e+03 -3.46556023e+03  1.01265974e+04  1.31185407e+04\n","   7.58746778e+04  2.66873791e+05  3.40313246e+05  3.50035838e+05\n","   1.32357052e+05  6.86446803e+02  2.02565541e+05  1.02363924e+05\n","   3.87432189e+05]\n"," [ 2.39730420e+02  2.06338090e+02  1.94776460e+02  3.45282099e+02\n","   5.95338306e+02  9.72083581e+02  1.09597965e+03  1.17582169e+03\n","   6.86446803e+02  1.63742135e+01  1.21504397e+03  8.07480080e+02\n","   1.28476489e+03]\n"," [ 2.39798225e+04  4.94526688e+04  9.71905807e+04  1.65066286e+05\n","   2.87328913e+05  6.33151581e+05  7.73631405e+05  8.02827035e+05\n","   2.02565541e+05  1.21504397e+03  7.30824354e+05  4.42887569e+05\n","   9.01818137e+05]\n"," [ 2.93187865e+04  5.36082751e+04  8.17436742e+04  1.42830823e+05\n","   1.93293663e+05  3.09710592e+05  3.57997346e+05  3.72813966e+05\n","   1.02363924e+05  8.07480080e+02  4.42887569e+05  3.05251752e+05\n","   4.18500356e+05]\n"," [-2.23379702e+04 -1.87864088e+04  5.62248780e+04  5.27451332e+04\n","   3.14784264e+05  1.25539965e+06  1.63996741e+06  1.68916396e+06\n","   3.87432189e+05  1.28476489e+03  9.01818137e+05  4.18500356e+05\n","   1.86663522e+06]]\n","forest_mean [1109.91998806  811.50463216  687.73663131  415.79315457  748.9670667\n"," 2100.11004078 2688.02510932 2634.13981834  826.21561026    9.93443043\n"," 1312.54340368  535.46771991 3004.78895924]\n","forest_covariance [[ 1.19860715e+04  8.98173118e+03  3.87234721e+03  4.85266638e+03\n","  -3.51185223e+01 -1.64257771e+04 -2.19842168e+04 -2.24390980e+04\n","  -1.43017501e+04 -8.27030202e-01 -4.63376799e+03 -5.60174417e+02\n","  -2.23187616e+04]\n"," [ 8.98173118e+03  7.62618090e+03  5.00309983e+03  5.46958993e+03\n","   3.32862356e+03 -7.02391635e+03 -1.09182641e+04 -9.31698129e+03\n","  -7.62527239e+03  3.32428496e+01  9.59179497e+02  2.18759775e+03\n","  -1.06205279e+04]\n"," [ 3.87234721e+03  5.00309983e+03  1.01322974e+04  6.89357395e+03\n","   1.68880714e+04  2.41609239e+04  2.38869742e+04  3.01022515e+04\n","   1.57690456e+04  1.98293622e+02  1.88609099e+04  1.07939488e+04\n","   2.70633311e+04]\n"," [ 4.85266638e+03  5.46958993e+03  6.89357395e+03  7.25947949e+03\n","   1.02124108e+04  4.85664916e+03  1.39504591e+03  4.76777669e+03\n","   4.63096157e+03  1.19057989e+02  1.14393859e+04  8.34784677e+03\n","   2.98282437e+03]\n"," [-3.51185223e+01  3.32862356e+03  1.68880714e+04  1.02124108e+04\n","   3.83397279e+04  6.10092894e+04  6.19705821e+04  6.93798184e+04\n","   5.12946865e+04  4.87711266e+02  4.63346977e+04  2.56029074e+04\n","   6.99981317e+04]\n"," [-1.64257771e+04 -7.02391635e+03  2.41609239e+04  4.85664916e+03\n","   6.10092894e+04  2.54600014e+05  3.36395199e+05  3.47538408e+05\n","   1.19551480e+05  5.73691132e+02  1.47221157e+05  5.41012377e+04\n","   3.70776628e+05]\n"," [-2.19842168e+04 -1.09182641e+04  2.38869742e+04  1.39504591e+03\n","   6.19705821e+04  3.36395199e+05  4.65532228e+05  4.76061924e+05\n","   1.35126661e+05  4.81965022e+02  1.92597463e+05  6.43785080e+04\n","   5.14429186e+05]\n"," [-2.24390980e+04 -9.31698129e+03  3.01022515e+04  4.76777669e+03\n","   6.93798184e+04  3.47538408e+05  4.76061924e+05  5.32924282e+05\n","   1.46966056e+05  5.87662400e+02  2.00832795e+05  6.94942149e+04\n","   5.27734871e+05]\n"," [-1.43017501e+04 -7.62527239e+03  1.57690456e+04  4.63096157e+03\n","   5.12946865e+04  1.19551480e+05  1.35126661e+05  1.46966056e+05\n","   1.26686560e+05  8.92876119e+02  7.09642300e+04  3.57040678e+04\n","   1.47062514e+05]\n"," [-8.27030202e-01  3.32428496e+01  1.98293622e+02  1.19057989e+02\n","   4.87711266e+02  5.73691132e+02  4.81965022e+02  5.87662400e+02\n","   8.92876119e+02  1.54777754e+01  4.38425981e+02  2.90835159e+02\n","   5.37417965e+02]\n"," [-4.63376799e+03  9.59179497e+02  1.88609099e+04  1.14393859e+04\n","   4.63346977e+04  1.47221157e+05  1.92597463e+05  2.00832795e+05\n","   7.09642300e+04  4.38425981e+02  1.22389967e+05  5.25374065e+04\n","   2.18970275e+05]\n"," [-5.60174417e+02  2.18759775e+03  1.07939488e+04  8.34784677e+03\n","   2.56029074e+04  5.41012377e+04  6.43785080e+04  6.94942149e+04\n","   3.57040678e+04  2.90835159e+02  5.25374065e+04  2.67936734e+04\n","   7.38867418e+04]\n"," [-2.23187616e+04 -1.06205279e+04  2.70633311e+04  2.98282437e+03\n","   6.99981317e+04  3.70776628e+05  5.14429186e+05  5.27734871e+05\n","   1.47062514e+05  5.37417965e+02  2.18970275e+05  7.38867418e+04\n","   5.73270529e+05]]\n"]}],"source":["\n","print(\"residual_mean\",residual_mean)\n","print(\"residual_covariance\",residula_covariance)\n","\n","print(\"river_mean\",river_mean)\n","print(\"river_covariance\",river_covariance)\n","\n","print(\"forest_mean\",forest_mean)\n","print(\"forest_covariance\",forest_covariance)\n","    "]},{"cell_type":"code","execution_count":10,"metadata":{},"outputs":[{"name":"stdout","output_type":"stream","text":["(13,)\n","3.703474083143855e-32\n"]}],"source":["def Compute_Likelihoods(x,mean,covariance):\n","   \n","    dim = len(mean)\n","\n","    # Calculate the normalization constant\n","    norm_const = 1 / ((2 * np.pi) ** (dim / 2) * np.linalg.det(covariance) ** 0.5)\n","\n","    # Calculate the exponent term\n","    exponent = -0.5 * np.dot(np.dot((x - mean).T, np.linalg.inv(covariance)), (x - mean))\n","\n","    # Calculate the probability density\n","    prob_density = norm_const * np.exp(exponent)\n","    return prob_density\n","print(test_forest[0][0].shape)\n","print(Compute_Likelihoods(test_forest[0][0],forest_mean,forest_covariance))\n","        "]},{"cell_type":"code","execution_count":11,"metadata":{},"outputs":[{"name":"stdout","output_type":"stream","text":["forest\n"]}],"source":["def Classify_Based_on_Maximum_Likelihood(x_image_test,mean_class1,covariance_class1,mean_class2,covariance_class2,mean_class3,covariance_class3,p_residual,p_river,p_forest):\n","    class1_liklihood = 1\n","    class2_liklihood = 1\n","    cla